matriz 1:
matriz[0][0]=1.00000	matriz[0][1]=2.00000	matriz[0][2]=3.00000
matriz[1][0]=4.00000	matriz[1][1]=5.00000	matriz[1][2]=6.00000
matriz[2][0]=7.00000	matriz[2][1]=8.00000	matriz[2][2]=9.00000
------------
vector :
vector[0]=1.00000
vector[1]=0.00000
vector[2]=0.00000
------------
vector resultado:
vector[0]=1.00000
vector[1]=4.00000
vector[2]=7.00000
