matriz 1:
matriz[0][0]=3.00000	matriz[0][1]=-1.50000	matriz[0][2]=3.00000	matriz[0][3]=0.00000
matriz[1][0]=2.00000	matriz[1][1]=4.50000	matriz[1][2]=-1.00000	matriz[1][3]=-5.00000
matriz[2][0]=-1.30000	matriz[2][1]=2.60000	matriz[2][2]=-8.30000	matriz[2][3]=0.00000
------------
vector :
vector[0]=3.00000
vector[1]=-3.00000
vector[2]=1.00000
vector[3]=7.00000
------------
vector resultado:
vector[0]=16.50000
vector[1]=-43.50000
vector[2]=-20.00000
