------------
vector :
vector[0]=4.00000
vector[1]=5.00000
vector[2]=-7.00000
vector[3]=10.00000
vector[4]=11.00000
vector[5]=20.00000
vector[6]=-2.00000
vector[7]=-4.00000
vector[8]=6.00000
vector[9]=0.00000
------------
vector :
vector[0]=0.00000
vector[1]=9.00000
vector[2]=-1.00000
vector[3]=-5.00000
vector[4]=6.00000
vector[5]=7.00000
vector[6]=-4.00000
vector[7]=9.00000
vector[8]=2.00000
vector[9]=-1.00000
------------
resultado: 192.000000