------------
vector :
vector[0]=5.00000
vector[1]=-2.00000
vector[2]=7.00000
vector[3]=11.00000
vector[4]=6.00000
------------
vector :
vector[0]=4.00000
vector[1]=-9.00000
vector[2]=-7.00000
vector[3]=23.00000
vector[4]=78.00000
------------
resultado: 710.000000
