matriz 1:
matriz[0][0]=4.00000	matriz[0][1]=1.00000
matriz[1][0]=6.00000	matriz[1][1]=2.10000
matriz[2][0]=-1.00000	matriz[2][1]=5.00000
------------
vector :
vector[0]=2.00000
vector[1]=5.00000
------------
vector resultado:
vector[0]=13.00000
vector[1]=22.50000
vector[2]=23.00000
