matriz 1:
matriz[0][0]=4.00000	matriz[0][1]=1.00000
matriz[1][0]=2.10000	matriz[1][1]=6.50000
------------
matriz 2:
matriz[0][0]=0.00000	matriz[0][1]=5.10000
matriz[1][0]=-4.10000	matriz[1][1]=-2.00000
matriz 3:
matriz[0][0]=-4.10000	matriz[0][1]=18.40000
matriz[1][0]=-26.65000	matriz[1][1]=-2.29000
