matriz 1:
matriz[0][0]=0.00000	matriz[0][1]=1.50000	matriz[0][2]=55.00000
matriz[1][0]=4.00000	matriz[1][1]=-5.00000	matriz[1][2]=45.00000
matriz[2][0]=1.00000	matriz[2][1]=2.50000	matriz[2][2]=4.00000
------------
vector :
vector[0]=1.00000
vector[1]=0.00000
vector[2]=5.00000
------------
vector resultado:
vector[0]=275.00000
vector[1]=229.00000
vector[2]=21.00000
