------------
vector :
vector[0]=1.00000
vector[1]=0.00000
vector[2]=-3.00000
vector[3]=10.00000
------------
vector :
vector[0]=5.00000
vector[1]=8.00000
vector[2]=9.00000
vector[3]=4.00000
------------
resultado: 18.000000
