------------
vector :
vector[0]=5.00000
vector[1]=7.00000
vector[2]=-2.00000
vector[3]=-2.00000
------------
vector :
vector[0]=1.00000
vector[1]=8.00000
vector[2]=-1.00000
vector[3]=-1.00000
------------
resultado: 65.000000
