./programa.out 20 v3.txt v4.txt 1
------------
vector :
vector[0]=7.00000
vector[1]=8.00000
vector[2]=6.00000
vector[3]=3.00000
vector[4]=8.00000
vector[5]=0.00000
vector[6]=0.00000
vector[7]=9.00000
vector[8]=7.00000
vector[9]=3.00000
vector[10]=3.00000
vector[11]=1.00000
vector[12]=6.00000
vector[13]=10.00000
vector[14]=5.00000
vector[15]=8.00000
vector[16]=9.00000
vector[17]=9.00000
vector[18]=0.00000
vector[19]=6.00000
------------
vector :
vector[0]=7.00000
vector[1]=3.00000
vector[2]=1.00000
vector[3]=8.00000
vector[4]=9.00000
vector[5]=3.00000
vector[6]=10.00000
vector[7]=9.00000
vector[8]=2.00000
vector[9]=5.00000
vector[10]=8.00000
vector[11]=10.00000
vector[12]=10.00000
vector[13]=2.00000
vector[14]=3.00000
vector[15]=1.00000
vector[16]=10.00000
vector[17]=5.00000
vector[18]=3.00000
vector[19]=2.00000
------------
resultado: 569.000000