matriz 1:
matriz[0][0]=10.00000	matriz[0][1]=5.00000	matriz[0][2]=8.00000
matriz[1][0]=0.00000	matriz[1][1]=-4.00000	matriz[1][2]=1.00000
matriz[2][0]=2.00000	matriz[2][1]=2.10000	matriz[2][2]=3.20000
matriz[3][0]=-4.00000	matriz[3][1]=9.00000	matriz[3][2]=7.00000
------------
vector :
vector[0]=2.00000
vector[1]=1.00000
vector[2]=3.40000
------------
vector resultado:
vector[0]=52.20000
vector[1]=-0.60000
vector[2]=16.98000
vector[3]=24.80000
