matriz 1:
matriz[0][0]=9.00000	matriz[0][1]=5.00000
matriz[1][0]=0.00000	matriz[1][1]=-6.00000
matriz[2][0]=3.00000	matriz[2][1]=2.10000
matriz[3][0]=-4.00000	matriz[3][1]=9.00000
------------
vector :
vector[0]=6.00000
vector[1]=3.00000
------------
vector resultado:
vector[0]=69.00000
vector[1]=-18.00000
vector[2]=24.30000
vector[3]=3.00000
