matriz 1:
matriz[0][0]=10.00000	matriz[0][1]=5.00000
matriz[1][0]=0.00000	matriz[1][1]=-46.00000
matriz[2][0]=1.00000	matriz[2][1]=1.40000
------------
vector :
vector[0]=1.50000
vector[1]=10.00000
------------
vector resultado:
vector[0]=65.00000
vector[1]=-460.00000
vector[2]=15.50000
