matriz 1:
matriz[0][0]=1.00000	matriz[0][1]=2.00000	matriz[0][2]=3.00000	matriz[0][3]=4.00000	matriz[0][4]=5.00000
------------
matriz 2:
matriz[0][0]=1.00000
matriz[1][0]=2.00000
matriz[2][0]=3.00000
matriz[3][0]=4.00000
matriz[4][0]=5.00000
matriz 3:
matriz[0][0]=55.00000
