161053.56 -12435.47 -1998.40 -20888.34 4366.90 -47876.11 27628.81 8177.44 -3710.68 -20716.34 -35388.18 -23228.30 -22060.73 -61950.21 -12236.76 -6167.18 -11594.02 -5774.44 -4807.44 8925.05 23915.22 -4669.19 -15321.15 14396.19 9916.06 13636.11 -21753.36 -29680.56 -2529.29 28029.49 -13562.58 16892.22 -25218.28 -7299.69 13348.74 18085.31 22685.11 2547.75 -8078.75 -10309.82 11706.74 -6613.14 12508.97 14220.14 70.86 -4243.73 140.63 -703.42 648.86 8182.94
-12435.47 135118.44 6235.73 -5116.27 -26051.56 -7100.91 -4607.38 2337.72 -20771.22 -20149.20 -19273.38 -656.12 12473.20 34214.46 -5920.97 -17946.03 21602.49 -20627.45 1975.49 14106.56 -16648.09 -26230.18 663.50 -2770.77 -11424.11 -17323.51 7453.84 11604.13 -16.83 -2712.75 2616.22 -5959.60 9087.04 1603.80 -10094.84 7172.42 -1030.91 -761.04 -1753.07 1450.28 -5772.13 -2656.19 -3346.07 6844.25 7362.69 -4441.40 5519.29 -2957.22 -221.66 1737.76
-1998.40 6235.73 194033.03 3359.80 23265.66 -9765.86 -28751.83 -10960.32 23570.66 31064.10 -58768.57 -37966.06 -16835.48 -30333.34 5822.73 -685.81 -24623.74 -12285.07 -6531.92 13463.83 4152.18 -38250.39 13559.49 -9276.33 -16491.40 18583.15 53187.71 -665.20 -8856.91 20724.64 -16539.10 -12792.93 -1619.39 13458.18 -16903.31 8101.60 4928.45 2145.76 -390.61 16691.09 -10137.75 16665.83 -11120.48 6237.58 -45.12 -3612.22 2981.71 -3831.23 -663.35 -3837.24
-20888.34 -5116.27 3359.80 155204.45 13929.12 17080.48 -6275.16 -11681.03 -16744.10 5361.47 6345.40 20313.77 -16567.77 18724.68 2647.90 -685.21 -13288.59 -17094.90 7622.37 -22455.63 -9354.36 30202.70 13952.04 -31786.87 11528.89 -31935.57 6684.59 40895.59 3058.34 -20211.46 -4872.68 6641.50 5245.85 -5796.93 7568.95 5449.38 1407.11 -7419.51 4623.77 14008.02 -10817.96 -4704.42 3362.27 6970.91 -12683.22 873.53 -6162.90 183.78 -269.51 -5790.84
4366.90 -26051.56 23265.66 13929.12 162707.14 21222.82 -28064.91 12159.28 15277.22 -35277.88 -37017.27 -15469.52 -9403.44 -456.36 -40438.37 20922.07 -16677.45 -2956.52 -22581.67 -17961.10 32840.85 17848.10 -11948.91 19504.51 -8370.04 17666.31 8996.17 -8970.55 -3625.71 -3098.50 -19153.03 2420.57 -10293.82 22952.26 -6636.40 -14650.97 7527.87 12903.82 -2424.61 10926.41 14471.46 7527.09 2717.11 13116.91 3694.92 -4772.97 3582.64 -7265.90 -138.25 4922.39
-47876.11 -7100.91 -9765.86 17080.48 21222.82 152155.64 -22723.87 -16222.68 2974.78 15645.56 -11451.83 28190.56 16105.46 -8954.10 -23618.55 5547.29 -2809.25 5147.84 -9697.33 -16407.07 -5393.86 20206.10 8201.01 13483.87 -2200.74 5307.12 -12207.32 23932.34 -6110.81 -34524.34 24627.89 -7950.29 12051.83 -13168.45 3732.90 -18870.83 -15028.00 -8563.18 2810.52 993.54 1104.52 5685.45 -5605.25 -18363.55 9710.60 321.13 191.00 1719.64 -463.29 -6612.38
27628.81 -4607.38 -28751.83 -6275.16 -28064.91 -22723.87 130237.35 18978.91 -9982.07 3775.03 1834.66 20677.53 -11503.56 -11091.34 -1148.03 2729.88 22159.02 23613.21 3362.56 12253.40 7615.02 -2869.30 -25903.23 -2701.36 2308.15 -24612.04 -6900.27 6015.02 27333.29 9073.03 -878.58 -11460.62 -34316.74 -1580.45 26437.57 -1430.55 19280.59 -5769.59 -7502.84 -2756.79 5877.98 -3627.00 14975.58 -7194.78 1740.65 -1797.67 -9186.62 2200.90 -54.06 -5988.76
8177.44 2337.72 -10960.32 -11681.03 12159.28 -16222.68 18978.91 152568.20 24629.26 -26461.07 -4229.32 8117.29 -2215.19 6613.11 7361.09 13031.39 8647.43 9522.61 11759.54 -8393.05 17855.45 -6802.54 -45255.82 -53621.40 8648.22 -6896.34 8200.39 -4867.48 3381.89 14440.26 -1287.01 -11396.39 -24363.51 3181.77 14103.80 23.14 13396.65 3120.06 -5260.01 13699.08 -5189.89 -6091.18 -3245.05 14186.21 902.54 -5166.11 2504.69 -2156.53 -258.38 -487.97
-3710.68 -20771.22 23570.66 -16744.10 15277.22 2974.78 -9982.07 24629.26 134667.83 -3094.75 -15290.43 -11654.09 1046.66 20481.17 -31553.59 6382.54 -6193.48 19902.76 -272.29 2603.10 26827.35 37084.40 -34634.92 -25231.88 4918.79 7278.18 2325.02 -4789.91 -15092.07 -9220.41 -12681.16 -15435.95 -13017.51 -10258.74 5594.86 -15744.24 -10396.02 2991.82 -2113.29 -7635.88 -3362.73 11817.97 10193.79 -3613.44 -13754.61 9844.31 -8094.70 1732.03 -161.51 -6331.71
-20716.34 -20149.20 31064.10 5361.47 -35277.88 15645.56 3775.03 -26461.07 -3094.75 166036.42 -16413.90 2274.55 16551.51 -15776.25 20035.41 13058.75 -9428.21 -9170.17 22168.16 -471.33 -20258.08 -13207.84 4640.60 -5469.26 22091.04 1480.97 6583.41 14470.14 -7459.36 -10430.23 2806.29 8559.50 15266.64 -16093.94 11505.84 -340.05 -1972.31 -7404.12 4910.00 -10201.56 -2838.52 7580.16 -4603.99 -18661.63 -2351.33 12581.51 508.49 8792.25 290.09 -2420.24
-35388.18 -19273.38 -58768.57 6345.40 -37017.27 -11451.83 1834.66 -4229.32 -15290.43 -16413.90 115563.04 -2214.88 78.57 13100.92 24380.36 7509.78 13800.40 26140.19 -4027.19 63.06 -24835.11 22946.22 14078.71 3202.63 3910.06 -27263.85 -2952.36 11545.29 -13667.81 2714.53 12782.63 -23005.55 4790.92 -17062.90 2199.17 -10363.46 -11350.87 2142.21 -4454.44 -26462.90 1307.97 -568.70 -4126.18 -17280.81 5199.52 5670.09 1049.87 5241.74 4.89 -3197.42
-23228.30 -656.12 -37966.06 20313.77 -15469.52 28190.56 20677.53 8117.29 -11654.09 2274.55 -2214.88 97114.43 14421.36 7165.46 25716.42 -9975.04 6499.00 -14720.39 9355.98 -22630.83 16676.02 5419.76 -23760.80 -32796.39 7910.76 -1297.57 -15426.39 34431.73 -7855.50 -5381.53 3243.65 -16971.36 -726.71 -10365.98 12711.46 -9730.59 -230.44 -23085.47 6128.22 -6475.13 -7396.29 -6944.84 4663.22 -12083.64 -6037.16 -1308.74 -6366.14 8494.58 38.21 -8116.39
-22060.73 12473.20 -16835.48 -16567.77 -9403.44 16105.46 -11503.56 -2215.19 1046.66 16551.51 78.57 14421.36 144689.83 -7921.34 24491.86 -14177.20 21164.78 -25088.36 3504.02 -13235.98 2169.74 17888.44 1999.40 9263.87 15418.98 16200.97 19295.67 8381.82 -2166.51 -17961.23 21115.57 10837.21 -3668.18 -3358.38 8973.81 -12230.52 7996.92 13493.23 -21584.09 -7970.42 20234.81 -5310.18 -2590.65 4880.59 7258.31 -9791.29 1438.73 2838.69 -226.01 -4122.18
-61950.21 34214.46 -30333.34 18724.68 -456.36 -8954.10 -11091.34 6613.11 20481.17 -15776.25 13100.92 7165.46 -7921.34 131242.40 -12160.48 -5347.25 28998.52 11931.06 4864.90 -10818.16 3724.32 8573.31 24442.20 -13410.41 4666.86 -43911.47 3647.10 31511.68 4540.13 -13064.65 -3304.61 -8985.56 29206.99 22107.29 -9652.18 -10680.37 -13729.53 3203.31 24558.41 11814.65 -15906.89 -7788.65 -7584.92 -3935.25 -16160.19 14990.81 1602.33 2589.40 610.86 6107.34
-12236.76 -5920.97 5822.73 2647.90 -40438.37 -23618.55 -1148.03 7361.09 -31553.59 20035.41 24380.36 25716.42 24491.86 -12160.48 116202.26 -22555.06 -4291.16 -22153.58 23017.98 -1887.27 -26396.21 -38298.46 -5449.30 -23753.98 20858.00 -5882.36 -17506.69 15799.45 -31591.86 -2593.84 9206.50 -13530.07 -5988.44 -2806.63 13262.44 15279.68 -3937.96 -1428.20 3141.86 -6293.74 -7944.22 -3227.50 -12806.47 -4007.80 -5968.82 1176.04 1133.08 4378.98 123.12 -1173.87
-6167.18 -17946.03 -685.81 -685.21 20922.07 5547.29 2729.88 13031.39 6382.54 13058.75 7509.78 -9975.04 -14177.20 -5347.25 -22555.06 107781.48 -12296.61 38156.47 6324.88 -7053.81 8983.46 8588.05 -16895.76 11044.65 6593.90 -11673.99 -3902.53 -12738.23 11166.45 33142.56 12725.65 16733.29 17446.92 -4474.26 -26651.57 -9716.95 3212.27 17724.80 -10561.18 -8834.28 10820.42 13041.11 -4931.72 -4835.06 7769.56 4772.60 4930.38 -56.62 -38.19 1669.52
-11594.02 21602.49 -24623.74 -13288.59 -16677.45 -2809.25 22159.02 8647.43 -6193.48 -9428.21 13800.40 6499.00 21164.78 28998.52 -4291.16 -12296.61 92898.39 -338.03 10541.35 -18543.76 -9829.62 2244.42 -7538.85 -1037.63 8665.41 -20883.45 13901.98 3862.15 -3251.59 -5486.39 7450.40 -8377.47 3567.29 5879.85 12130.62 -7134.55 -2859.11 4562.25 -1799.41 -2308.01 -4091.36 -2323.30 -10056.19 -10533.39 6099.81 3789.65 2394.15 2164.10 -245.80 -3443.11
-5774.44 -20627.45 -12285.07 -17094.90 -2956.52 5147.84 23613.21 9522.61 19902.76 -9170.17 26140.19 -14720.39 -25088.36 11931.06 -22153.58 38156.47 -338.03 124216.68 16301.25 29593.65 14093.40 2304.71 -16061.37 16782.53 8374.20 -16501.22 16471.83 -17220.54 5070.47 25356.98 14210.81 -10004.57 -8470.26 5096.83 -694.98 -10508.26 5189.21 16874.82 -10961.71 -16816.80 13435.98 2184.37 -5763.51 -12220.91 6626.97 4688.82 2128.82 3904.74 155.83 -55.45
-4807.44 1975.49 -6531.92 7622.37 -22581.67 -9697.33 3362.56 11759.54 -272.29 22168.16 -4027.19 9355.98 3504.02 4864.90 23017.98 6324.88 10541.35 16301.25 124163.85 -32514.62 -19312.33 -10926.36 -29886.45 -26586.25 -4520.09 -10010.22 -12807.21 6081.50 8151.34 14727.34 22146.76 -10679.72 -9052.31 -5463.21 22118.19 10879.65 3461.81 -5137.18 -1307.18 13120.11 -15035.38 -16087.79 4944.00 9458.86 -19348.25 -2014.53 -11042.23 4017.45 63.76 -6611.53
8925.05 14106.56 13463.83 -22455.63 -17961.10 -16407.07 12253.40 -8393.05 2603.10 -471.33 63.06 -22630.83 -13235.98 -10818.16 -1887.27 -7053.81 -18543.76 29593.65 -32514.62 106280.60 -1244.39 -6072.95 19229.05 27697.84 9588.04 21551.01 -15422.52 -18450.66 10536.72 325.77 -12337.76 12609.17 -17063.21 -1303.56 -16548.24 -1824.45 4121.58 12074.21 -5841.56 -6913.82 14808.20 11579.85 -1776.93 2747.53 12004.28 378.49 6768.40 -6639.62 -184.05 5255.95
23915.22 -16648.09 4152.18 -9354.36 32840.85 -5393.86 7615.02 17855.45 26827.35 -20258.08 -24835.11 16676.02 2169.74 3724.32 -26396.21 8983.46 -9829.62 14093.40 -19312.33 -1244.39 82115.46 8939.53 -17751.06 -10859.78 -1766.26 13060.95 -12199.76 -570.65 -7320.77 16440.90 -12551.30 -10819.41 -8056.09 2747.28 -9188.04 -2523.99 14920.82 15817.55 -396.23 1306.58 -2446.41 5627.18 -4265.30 5625.17 -12789.33 4926.13 -2230.45 -991.06 -121.67 -1611.51
-4669.19 -26230.18 -38250.39 30202.70 17848.10 20206.10 -2869.30 -6802.54 37084.40 -13207.84 22946.22 5419.76 17888.44 8573.31 -38298.46 8588.05 2244.42 2304.71 -10926.36 -6072.95 8939.53 110041.02 15264.95 27989.77 -8061.31 509.58 -8578.20 5228.04 30253.77 -3109.39 -13868.66 8234.88 -23184.25 -6373.37 -9412.94 -19700.22 4002.02 1977.96 -14146.57 2667.35 14730.47 16702.26 17800.79 2075.31 2432.56 -5424.72 -9359.11 -5891.26 -737.95 -8421.80
-15321.15 663.50 13559.49 13952.04 -11948.91 8201.01 -25903.23 -45255.82 -34634.92 4640.60 14078.71 -23760.80 1999.40 24442.20 -5449.30 -16895.76 -7538.85 -16061.37 -29886.45 19229.05 -17751.06 15264.95 122902.07 38811.93 -22611.90 7822.36 4878.56 15566.83 23383.54 -5718.32 -10250.26 5850.50 12847.56 -12792.49 -32755.53 13706.96 -6775.89 -641.77 3867.84 4589.31 6202.55 282.44 -11486.27 9611.29 8474.74 -6348.45 9622.23 -5839.10 -118.85 6591.90
14396.19 -2770.77 -9276.33 -31786.87 19504.51 13483.87 -2701.36 -53621.40 -25231.88 -5469.26 3202.63 -32796.39 9263.87 -13410.41 -23753.98 11044.65 -1037.63 16782.53 -26586.25 27697.84 -10859.78 27989.77 38811.93 108083.38 -15920.39 868.45 -11062.99 -13961.27 22983.67 5722.04 1553.11 37910.44 20239.55 11372.99 -31063.23 -9267.70 -4229.46 9580.25 -1216.97 1700.34 19407.89 16723.35 3547.91 -1941.90 11183.88 -605.92 3332.77 -7068.41 -21.68 6034.83
9916.06 -11424.11 -16491.40 11528.89 -8370.04 -2200.74 2308.15 8648.22 4918.79 22091.04 3910.06 7910.76 15418.98 4666.86 20858.00 6593.90 8665.41 8374.20 -4520.09 9588.04 -1766.26 -8061.31 -22611.90 -15920.39 55840.65 -1786.80 -17017.74 8716.53 -30900.06 -10484.48 -3076.19 13381.80 -1811.69 -1978.74 16706.86 294.22 702.87 6045.10 4218.87 -19962.75 3338.15 -7782.81 -4246.94 -5706.68 -6491.75 12071.25 3881.92 7323.33 857.54 6612.38
13636.11 -17323.51 18583.15 -31935.57 17666.31 5307.12 -24612.04 -6896.34 7278.18 1480.97 -27263.85 -1297.57 16200.97 -43911.47 -5882.36 -11673.99 -20883.45 -16501.22 -10010.22 21551.01 13060.95 509.58 7822.36 868.45 -1786.80 81987.43 -11693.37 -27866.14 7146.62 -2970.00 -14015.82 20244.43 -20017.61 -7133.16 -14249.27 11024.40 3197.36 -6129.95 -6516.81 7719.07 8760.71 5959.21 -3289.15 13246.23 10160.41 -12880.41 5002.69 -5955.28 -355.91 1979.19
-21753.36 7453.84 53187.71 6684.59 8996.17 -12207.32 -6900.27 8200.39 2325.02 6583.41 -2952.36 -15426.39 19295.67 3647.10 -17506.69 -3902.53 13901.98 16471.83 -12807.21 -15422.52 -12199.76 -8578.20 4878.56 -11062.99 -17017.74 -11693.37 107033.39 -738.65 18023.63 7112.50 -1888.05 -16840.30 -3104.65 33585.27 10458.54 -16675.57 11481.40 -4072.11 -10725.74 15939.26 6879.42 -2156.99 -1824.28 -2599.73 21668.83 -15490.27 3701.61 45.03 -517.77 -4674.99
-29680.56 11604.13 -665.20 40895.59 -8970.55 23932.34 6015.02 -4867.48 -4789.91 14470.14 11545.29 34431.73 8381.82 31511.68 15799.45 -12738.23 3862.15 -17220.54 6081.50 -18450.66 -570.65 5228.04 15566.83 -13961.27 8716.53 -27866.14 -738.65 55087.80 -11582.72 -6308.62 -1382.78 -17128.74 5049.88 -6134.76 8979.04 -5859.96 3688.12 -9369.97 9956.98 -1204.72 -11958.36 -1989.29 220.81 -9285.53 -11411.70 7234.12 -4609.05 5985.46 51.54 -5410.36
-2529.29 -16.83 -8856.91 3058.34 -3625.71 -6110.81 27333.29 3381.89 -15092.07 -7459.36 -13667.81 -7855.50 -2166.51 4540.13 -31591.86 11166.45 -3251.59 5070.47 8151.34 10536.72 -7320.77 30253.77 23383.54 22983.67 -30900.06 7146.62 18023.63 -11582.72 72481.32 16203.48 -2681.41 15175.16 -18042.97 13795.10 -12987.82 2179.30 16835.93 -7333.77 -10061.61 29044.69 7708.65 230.49 10805.66 13142.77 15096.08 -18569.67 -2543.62 -8884.86 -599.78 -1983.46
28029.49 -2712.75 20724.64 -20211.46 -3098.50 -34524.34 9073.03 14440.26 -9220.41 -10430.23 2714.53 -5381.53 -17961.23 -13064.65 -2593.84 33142.56 -5486.39 25356.98 14727.34 325.77 16440.90 -3109.39 -5718.32 5722.04 -10484.48 -2970.00 7112.50 -6308.62 16203.48 71839.99 -6435.30 -7886.31 -13381.32 7323.07 -18277.03 -2899.05 27626.79 780.64 -7915.33 -4304.36 620.43 8492.46 6611.40 -1985.21 1004.16 -1955.22 -3005.71 1935.68 -39.48 -3008.88
-13562.58 2616.22 -16539.10 -4872.68 -19153.03 24627.89 -878.58 -1287.01 -12681.16 2806.29 12782.63 3243.65 21115.57 -3304.61 9206.50 12725.65 7450.40 14210.81 22146.76 -12337.76 -12551.30 -13868.66 -10250.26 1553.11 -3076.19 -14015.82 -1888.05 -1382.78 -2681.41 -6435.30 50203.01 6904.55 20535.05 -8362.85 7529.18 -5031.95 -3714.53 10146.40 -6906.28 -1086.47 4448.09 -7730.19 -10234.99 -5865.61 2154.69 -1112.68 899.47 4461.29 -26.99 -3122.35
16892.22 -5959.60 -12792.93 6641.50 2420.57 -7950.29 -11460.62 -11396.39 -15435.95 8559.50 -23005.55 -16971.36 10837.21 -8985.56 -13530.07 16733.29 -8377.47 -10004.57 -10679.72 12609.17 -10819.41 8234.88 5850.50 37910.44 13381.80 20244.43 -16840.30 -17128.74 15175.16 -7886.31 6904.55 76859.38 14911.00 4733.23 -15750.38 12731.28 4699.21 9497.11 -2007.29 18059.34 16965.95 2897.94 1720.19 19640.02 -1357.19 -4840.63 2185.15 -6803.44 181.73 7781.13
-25218.28 9087.04 -1619.39 5245.85 -10293.82 12051.83 -34316.74 -24363.51 -13017.51 15266.64 4790.92 -726.71 -3668.18 29206.99 -5988.44 17446.92 3567.29 -8470.26 -9052.31 -17063.21 -8056.09 -23184.25 12847.56 20239.55 -1811.69 -20017.61 -3104.65 5049.88 -18042.97 -13381.32 20535.05 14911.00 72976.27 225.92 -22255.20 -9906.99 -32471.82 -2301.54 23884.98 -2511.98 -15448.25 328.51 -13025.89 -15513.26 -9430.54 17486.97 5464.66 5972.41 630.83 5594.63
-7299.69 1603.80 13458.18 -5796.93 22952.26 -13168.45 -1580.45 3181.77 -10258.74 -16093.94 -17062.90 -10365.98 -3358.38 22107.29 -2806.63 -4474.26 5879.85 5096.83 -5463.21 -1303.56 2747.28 -6373.37 -12792.49 11372.99 -1978.74 -7133.16 33585.27 -6134.76 13795.10 7323.07 -8362.85 4733.23 225.92 53431.43 -757.45 -18620.80 9495.94 6345.70 5946.92 22873.22 4968.89 2198.60 4260.93 -260.31 4820.76 -3559.01 -374.21 -3775.90 132.77 4009.57
13348.74 -10094.84 -16903.31 7568.95 -6636.40 3732.90 26437.57 14103.80 5594.86 11505.84 2199.17 12711.46 8973.81 -9652.18 13262.44 -26651.57 12130.62 -694.98 22118.19 -16548.24 -9188.04 -9412.94 -32755.53 -31063.23 16706.86 -14249.27 10458.54 8979.04 -12987.82 -18277.03 7529.18 -15750.38 -22255.20 -757.45 45406.45 189.82 5834.62 -6852.44 -1907.13 -3731.96 -723.88 -17324.13 6719.75 -2469.24 -4320.45 -1371.52 -5641.29 5954.62 291.07 -3104.43
18085.31 7172.42 8101.60 5449.38 -14650.97 -18870.83 -1430.55 23.14 -15744.24 -340.05 -10363.46 -9730.59 -12230.52 -10680.37 15279.68 -9716.95 -7134.55 -10508.26 10879.65 -1824.45 -2523.99 -19700.22 13706.96 -9267.70 294.22 11024.40 -16675.57 -5859.96 2179.30 -2899.05 -5031.95 12731.28 -9906.99 -18620.80 189.82 40624.04 1860.05 -2097.31 -1513.51 5489.51 -7355.81 -9455.74 -8196.44 19716.80 -4223.76 -5812.41 3250.74 -3794.85 -12.92 3805.68
22685.11 -1030.91 4928.45 1407.11 7527.87 -15028.00 19280.59 13396.65 -10396.02 -1972.31 -11350.87 -230.44 7996.92 -13729.53 -3937.96 3212.27 -2859.11 5189.21 3461.81 4121.58 14920.82 4002.02 -6775.89 -4229.46 702.87 3197.36 11481.40 3688.12 16835.93 27626.79 -3714.53 4699.21 -32471.82 9495.94 5834.62 1860.05 37493.61 11625.53 -17946.17 3579.67 14506.99 1417.79 6902.83 8958.63 7339.02 -10062.81 -2207.17 -2620.12 -280.37 -2414.27
2547.75 -761.04 2145.76 -7419.51 12903.82 -8563.18 -5769.59 3120.06 2991.82 -7404.12 2142.21 -23085.47 13493.23 3203.31 -1428.20 17724.80 4562.25 16874.82 -5137.18 12074.21 15817.55 1977.96 -641.77 9580.25 6045.10 -6129.95 -4072.11 -9369.97 -7333.77 780.64 10146.40 9497.11 -2301.54 6345.70 -6852.44 -2097.31 11625.53 37371.44 -14134.60 -4822.04 15557.25 6758.66 -10090.40 6369.19 2670.38 2784.07 4587.53 -4711.14 -180.10 3043.01
-8078.75 -1753.07 -390.61 4623.77 -2424.61 2810.52 -7502.84 -5260.01 -2113.29 4910.00 -4454.44 6128.22 -21584.09 24558.41 3141.86 -10561.18 -1799.41 -10961.71 -1307.18 -5841.56 -396.23 -14146.57 3867.84 -1216.97 4218.87 -6516.81 -10725.74 9956.98 -10061.61 -7915.33 -6906.28 -2007.29 23884.98 5946.92 -1907.13 -1513.51 -17946.17 -14134.60 26432.28 7978.65 -20598.62 -2381.57 -3293.49 -8081.70 -15516.19 13072.39 -1221.46 3628.80 512.19 3066.89
-10309.82 1450.28 16691.09 14008.02 10926.41 993.54 -2756.79 13699.08 -7635.88 -10201.56 -26462.90 -6475.13 -7970.42 11814.65 -6293.74 -8834.28 -2308.01 -16816.80 13120.11 -6913.82 1306.58 2667.35 4589.31 1700.34 -19962.75 7719.07 15939.26 -1204.72 29044.69 -4304.36 -1086.47 18059.34 -2511.98 22873.22 -3731.96 5489.51 3579.67 -4822.04 7978.65 45780.26 -9277.19 2770.13 -1583.30 15460.54 -5311.71 -8824.44 -4099.36 -8422.08 -594.88 -2823.76
11706.74 -5772.13 -10137.75 -10817.96 14471.46 1104.52 5877.98 -5189.89 -3362.73 -2838.52 1307.97 -7396.29 20234.81 -15906.89 -7944.22 10820.42 -4091.36 13435.98 -15035.38 14808.20 -2446.41 14730.47 6202.55 19407.89 3338.15 8760.71 6879.42 -11958.36 7708.65 620.43 4448.09 16965.95 -15448.25 4968.89 -723.88 -7355.81 14506.99 15557.25 -20598.62 -9277.19 31153.57 696.81 6436.61 7396.79 16504.88 -11552.72 3586.95 -3463.92 -21.50 3553.16
-6613.14 -2656.19 16665.83 -4704.42 7527.09 5685.45 -3627.00 -6091.18 11817.97 7580.16 -568.70 -6944.84 -5310.18 -7788.65 -3227.50 13041.11 -2323.30 2184.37 -16087.79 11579.85 5627.18 16702.26 282.44 16723.35 -7782.81 5959.21 -2156.99 -1989.29 230.49 8492.46 -7730.19 2897.94 328.51 2198.60 -17324.13 -9455.74 1417.79 6758.66 -2381.57 2770.13 696.81 24838.41 -1381.09 -9158.54 3148.57 4827.59 -1612.47 -3875.59 -643.50 -5464.11
12508.97 -3346.07 -11120.48 3362.27 2717.11 -5605.25 14975.58 -3245.05 10193.79 -4603.99 -4126.18 4663.22 -2590.65 -7584.92 -12806.47 -4931.72 -10056.19 -5763.51 4944.00 -1776.93 -4265.30 17800.79 -11486.27 3547.91 -4246.94 -3289.15 -1824.28 220.81 10805.66 6611.40 -10234.99 1720.19 -13025.89 4260.93 6719.75 -8196.44 6902.83 -10090.40 -3293.49 -1583.30 6436.61 -1381.09 22346.97 1982.43 -2178.90 -4301.47 -8509.54 195.31 139.55 -1991.99
14220.14 6844.25 6237.58 6970.91 13116.91 -18363.55 -7194.78 14186.21 -3613.44 -18661.63 -17280.81 -12083.64 4880.59 -3935.25 -4007.80 -4835.06 -10533.39 -12220.91 9458.86 2747.53 5625.17 2075.31 9611.29 -1941.90 -5706.68 13246.23 -2599.73 -9285.53 13142.77 -1985.21 -5865.61 19640.02 -15513.26 -260.31 -2469.24 19716.80 8958.63 6369.19 -8081.70 15460.54 7396.79 -9158.54 1982.43 29742.19 -2477.06 -12959.58 1232.31 -7517.00 -116.67 4332.04
70.86 7362.69 -45.12 -12683.22 3694.92 9710.60 1740.65 902.54 -13754.61 -2351.33 5199.52 -6037.16 7258.31 -16160.19 -5968.82 7769.56 6099.81 6626.97 -19348.25 12004.28 -12789.33 2432.56 8474.74 11183.88 -6491.75 10160.41 21668.83 -11411.70 15096.08 1004.16 2154.69 -1357.19 -9430.54 4820.76 -4320.45 -4223.76 7339.02 2670.38 -15516.19 -5311.71 16504.88 3148.57 -2178.90 -2477.06 28289.51 -12516.01 8358.78 -3563.89 -344.53 1783.83
-4243.73 -4441.40 -3612.22 873.53 -4772.97 321.13 -1797.67 -5166.11 9844.31 12581.51 5670.09 -1308.74 -9791.29 14990.81 1176.04 4772.60 3789.65 4688.82 -2014.53 378.49 4926.13 -5424.72 -6348.45 -605.92 12071.25 -12880.41 -15490.27 7234.12 -18569.67 -1955.22 -1112.68 -4840.63 17486.97 -3559.01 -1371.52 -5812.41 -10062.81 2784.07 13072.39 -8824.44 -11552.72 4827.59 -4301.47 -12959.58 -12516.01 17317.81 -1045.86 4560.93 348.84 586.08
140.63 5519.29 2981.71 -6162.90 3582.64 191.00 -9186.62 2504.69 -8094.70 508.49 1049.87 -6366.14 1438.73 1602.33 1133.08 4930.38 2394.15 2128.82 -11042.23 6768.40 -2230.45 -9359.11 9622.23 3332.77 3881.92 5002.69 3701.61 -4609.05 -2543.62 -3005.71 899.47 2185.15 5464.66 -374.21 -5641.29 3250.74 -2207.17 4587.53 -1221.46 -4099.36 3586.95 -1612.47 -8509.54 1232.31 8358.78 -1045.86 7703.83 -809.89 99.58 4888.26
-703.42 -2957.22 -3831.23 183.78 -7265.90 1719.64 2200.90 -2156.53 1732.03 8792.25 5241.74 8494.58 2838.69 2589.40 4378.98 -56.62 2164.10 3904.74 4017.45 -6639.62 -991.06 -5891.26 -5839.10 -7068.41 7323.33 -5955.28 45.03 5985.46 -8884.86 1935.68 4461.29 -6803.44 5972.41 -3775.90 5954.62 -3794.85 -2620.12 -4711.14 3628.80 -8422.08 -3463.92 -3875.59 195.31 -7517.00 -3563.89 4560.93 -809.89 5248.09 290.87 -556.22
648.86 -221.66 -663.35 -269.51 -138.25 -463.29 -54.06 -258.38 -161.51 290.09 4.89 38.21 -226.01 610.86 123.12 -38.19 -245.80 155.83 63.76 -184.05 -121.67 -737.95 -118.85 -21.68 857.54 -355.91 -517.77 51.54 -599.78 -39.48 -26.99 181.73 630.83 132.77 291.07 -12.92 -280.37 -180.10 512.19 -594.88 -21.50 -643.50 139.55 -116.67 -344.53 348.84 99.58 290.87 49.02 415.46
8182.94 1737.76 -3837.24 -5790.84 4922.39 -6612.38 -5988.76 -487.97 -6331.71 -2420.24 -3197.42 -8116.39 -4122.18 6107.34 -1173.87 1669.52 -3443.11 -55.45 -6611.53 5255.95 -1611.51 -8421.80 6591.90 6034.83 6612.38 1979.19 -4674.99 -5410.36 -1983.46 -3008.88 -3122.35 7781.13 5594.63 4009.57 -3104.43 3805.68 -2414.27 3043.01 3066.89 -2823.76 3553.16 -5464.11 -1991.99 4332.04 1783.83 586.08 4888.26 -556.22 415.46 7277.80
