matriz 1:
matriz[0][0]=15.00000	matriz[0][1]=-11.00000
matriz[1][0]=10.00000	matriz[1][1]=-9.00000
matriz[2][0]=5.00000	matriz[2][1]=44.00000
------------
vector v:
vector[0]=11.00000
vector[1]=11.00000
------------
vector z:
vector[0]=11.00000
vector[1]=11.00000
vector[2]=11.00000
------------
matriz resultado:
matriz[0][0]=136.00000	matriz[0][1]=110.00000
matriz[1][0]=131.00000	matriz[1][1]=112.00000
matriz[2][0]=5.00000	matriz[2][1]=44.00000
