matriz 1:
matriz[0][0]=15.00000	matriz[0][1]=-11.00000
matriz[1][0]=10.00000	matriz[1][1]=-9.00000
matriz[2][0]=5.00000	matriz[2][1]=44.00000
------------
vector :
vector[0]=11.00000
vector[1]=11.00000
------------
vector resultado:
vector[0]=44.00000
vector[1]=11.00000
vector[2]=539.00000
