matriz 1:
matriz[0][0]=20.00000	matriz[0][1]=1.00000
matriz[1][0]=4.00000	matriz[1][1]=8.00000
matriz[2][0]=-11.00000	matriz[2][1]=23.00000
------------
vector :
vector[0]=7.00000
vector[1]=5.00000
------------
vector resultado:
vector[0]=145.00000
vector[1]=68.00000
vector[2]=38.00000
