matriz 1:
matriz[0][0]=-3.00000	matriz[0][1]=5.00000
matriz[1][0]=5.00000	matriz[1][1]=7.00000
matriz[2][0]=27.00000	matriz[2][1]=-3.20000
------------
vector :
vector[0]=-5.00000
vector[1]=10.00000
------------
vector resultado:
vector[0]=65.00000
vector[1]=45.00000
vector[2]=-167.00000
