matriz 1:
matriz[0][0]=7.00000	matriz[0][1]=-10.00000
matriz[1][0]=4.00000	matriz[1][1]=2.00000
matriz[2][0]=-8.00000	matriz[2][1]=7.50000
------------
vector :
vector[0]=21.00000
vector[1]=5.00000
------------
vector resultado:
vector[0]=97.00000
vector[1]=94.00000
vector[2]=-130.50000
