------------
vector :
vector[0]=1.00000
vector[1]=1.00000
vector[2]=1.00000
vector[3]=1.00000
vector[4]=1.00000
------------
vector :
vector[0]=5.00000
vector[1]=4.00000
vector[2]=3.00000
vector[3]=2.00000
vector[4]=1.00000
------------
escalar: 
5.254456 
------------
resultado: 
vector[0]=10.25446
vector[1]=9.25446
vector[2]=8.25446
vector[3]=7.25446
vector[4]=6.25446
