------------
vector :
vector[0]=1.00000
vector[1]=1.00000
vector[2]=1.00000
vector[3]=1.00000
vector[4]=1.00000
------------
vector :
vector[0]=5.00000
vector[1]=4.00000
vector[2]=3.00000
vector[3]=2.00000
vector[4]=1.00000
------------
escalar: 
-5.240000 
------------
resultado: 
vector[0]=-0.24000
vector[1]=-1.24000
vector[2]=-2.24000
vector[3]=-3.24000
vector[4]=-4.24000
