------------
vector :
vector[0]=1.00000
vector[1]=0.00000
vector[2]=-3.00000
------------
vector :
vector[0]=5.00000
vector[1]=8.00000
vector[2]=9.00000
------------
resultado: -22.000000
------------
vector :
vector[0]=1.00000
vector[1]=0.00000
vector[2]=-3.00000
vector[3]=-4.00000
vector[4]=-5.00000
------------
vector :
vector[0]=5.00000
vector[1]=8.00000
vector[2]=9.00000
vector[3]=5.00000
vector[4]=4.00000
------------
resultado: -62.000000
