------------
vector :
vector[0]=1.00000
vector[1]=0.00000
vector[2]=-3.00000
vector[3]=-4.00000
vector[4]=-5.00000
------------
vector :
vector[0]=5.00000
vector[1]=0.00000
vector[2]=0.00000
vector[3]=0.00000
vector[4]=0.00000
------------
resultado: 5.000000
