1 -0.517159319852136 -0.0498234730217871 -0.564973777780577 -0.562685100769715 -0.546325442591046 0.720477719479997 -0.150107982163971 0.224956288347241 -0.189726452514687
-0.517159319852136 1 0.153002709864027 0.585608945820829 0.502931095008063 0.0609574466136342 -0.499877461074466 0.135425941127344 -0.349448552913761 -0.0742212305086612
-0.0498234730217871 0.153002709864027 1 0.620409157280518 0.281483879303977 -0.234009233571074 -0.413796911396499 0.313772052141207 -0.63496184416112 -0.061316695655197
-0.564973777780577 0.585608945820829 0.620409157280518 1 0.575533121696394 0.065571356780436 -0.712436815834538 0.452230709229563 -0.559780972508468 -0.0455175548537143
-0.562685100769715 0.502931095008063 0.281483879303977 0.575533121696394 1 0.137883695017549 -0.592736617323851 0.222411176679899 -0.621087477205695 -0.408364136378161
-0.546325442591046 0.0609574466136342 -0.234009233571074 0.065571356780436 0.137883695017549 1 -0.524230801366692 0.403852862721377 -0.147152935112439 0.26613865249809
0.720477719479997 -0.499877461074466 -0.413796911396499 -0.712436815834538 -0.592736617323851 -0.524230801366692 1 -0.533262306731736 0.650997272126687 0.0465480781967508
-0.150107982163971 0.135425941127344 0.313772052141207 0.452230709229563 0.222411176679899 0.403852862721377 -0.533262306731736 1 -0.474311552453683 0.084409560314705
0.224956288347241 -0.349448552913761 -0.63496184416112 -0.559780972508468 -0.621087477205695 -0.147152935112439 0.650997272126687 -0.474311552453683 1 0.374969710287482
-0.189726452514687 -0.0742212305086612 -0.061316695655197 -0.0455175548537143 -0.408364136378161 0.26613865249809 0.0465480781967508 0.084409560314705 0.374969710287482 1
