------------
constante : 5.000000
------------
vector :
vector[0]=11.00000
vector[1]=8.00000
vector[2]=30.00000
vector[3]=3.00000
------------
vector :
vector[0]=-2.00000
vector[1]=7.00000
vector[2]=19.00000
vector[3]=-9.00000
------------
resultado: 6.000000
