------------
vector :
vector[0]=7.00000
vector[1]=2.00000
vector[2]=-1.00000
vector[3]=4.00000
------------
vector :
vector[0]=8.00000
vector[1]=23.00000
vector[2]=9.00000
vector[3]=13.00000
------------
resultado: 145.000000
