------------
vector :
vector[0]=0.81000
vector[1]=31.00000
vector[2]=-45.00000
vector[3]=37.00000
------------
vector :
vector[0]=58.00000
vector[1]=1.93000
vector[2]=0.64500
vector[3]=81.00000
------------
resultado: 3074.785000
