------------
vector :
vector[0]=3.00000
vector[1]=41.00000
vector[2]=5.00000
vector[3]=88.00000
vector[4]=9.00000
vector[5]=-1.00000
------------
vector :
vector[0]=32.00000
vector[1]=36.00000
vector[2]=27.00000
vector[3]=4.00000
vector[4]=-8.00000
vector[5]=-67.00000
------------
resultado: 2054.000000
