------------
vector :
vector[0]=1.54000
vector[1]=28.00000
vector[2]=101.00000
vector[3]=3.00000
------------
vector :
vector[0]=2.00000
vector[1]=7.00000
vector[2]=25.00000
vector[3]=34.00000
------------
resultado: 2826.080000
