x_8 = 0.71428571
x_5 = 0.71428000
y_8 = 0.33333333
y_5 = 0.33333000
u_8 = 0.71425100
u_5 = 0.71425000
v_8 = 98765.90000000
v_5 = 98765.00000000
w_8 = 0.00001111
w_5 = 0.00001000
x-y 	 0.38095238 	 -0.33332 	 0.71427238 	 1.87496500 
x/y 	 2.14285715 	 2.14286 	 0.00000285 	 0.00000133 
(x-u)/w 	 3.12390312 	 3.00000 	 0.12390312 	 0.03966292 
u+v 	 98766.61425100 	 98765.00480 	 98763.57626329 	 0.00001630 
