------------
vector :
vector[0]=4.00000
vector[1]=-1.00000
vector[2]=5.00000
vector[3]=1.00000
------------
vector :
vector[0]=3.00000
vector[1]=0.00000
vector[2]=2.00000
vector[3]=-15.00000
------------
resultado: 7.000000
