{
 "cells": [
  {
   "cell_type": "code",
   "execution_count": 1,
   "metadata": {},
   "outputs": [],
   "source": [
    "# Leer datos del proyecto "
   ]
  },
  {
   "cell_type": "code",
   "execution_count": 2,
   "metadata": {},
   "outputs": [],
   "source": [
    "import pandas as pd\n",
    "import numpy as np"
   ]
  },
  {
   "cell_type": "code",
   "execution_count": 3,
   "metadata": {},
   "outputs": [],
   "source": [
    "df = pd.read_csv('/home/leonardo/Documentos/ITAM/PCA-nutricion/data/nndb_flat.csv', encoding = \"L1\")"
   ]
  },
  {
   "cell_type": "code",
   "execution_count": 4,
   "metadata": {},
   "outputs": [
    {
     "data": {
      "text/plain": [
       "(8618, 45)"
      ]
     },
     "execution_count": 4,
     "metadata": {},
     "output_type": "execute_result"
    }
   ],
   "source": [
    "df.shape"
   ]
  },
  {
   "cell_type": "code",
   "execution_count": 5,
   "metadata": {},
   "outputs": [],
   "source": [
    "datos_limpios = df"
   ]
  },
  {
   "cell_type": "code",
   "execution_count": 6,
   "metadata": {},
   "outputs": [],
   "source": [
    "datos_limpios.drop(datos_limpios.columns[datos_limpios.columns.str.contains('_USRDA')].values, \n",
    "        inplace=True, axis=1)"
   ]
  },
  {
   "cell_type": "code",
   "execution_count": 7,
   "metadata": {},
   "outputs": [],
   "source": [
    "numericas = datos_limpios.drop(columns=['ScientificName','ID','FoodGroup','ShortDescrip','Descrip','CommonName','MfgName'])"
   ]
  },
  {
   "cell_type": "code",
   "execution_count": 8,
   "metadata": {},
   "outputs": [
    {
     "name": "stdout",
     "output_type": "stream",
     "text": [
      "<class 'pandas.core.frame.DataFrame'>\n",
      "RangeIndex: 8618 entries, 0 to 8617\n",
      "Data columns (total 23 columns):\n",
      "Energy_kcal      8618 non-null int64\n",
      "Protein_g        8618 non-null float64\n",
      "Fat_g            8618 non-null float64\n",
      "Carb_g           8618 non-null float64\n",
      "Sugar_g          8618 non-null float64\n",
      "Fiber_g          8618 non-null float64\n",
      "VitA_mcg         8618 non-null int64\n",
      "VitB6_mg         8618 non-null float64\n",
      "VitB12_mcg       8618 non-null float64\n",
      "VitC_mg          8618 non-null float64\n",
      "VitE_mg          8618 non-null float64\n",
      "Folate_mcg       8618 non-null int64\n",
      "Niacin_mg        8618 non-null float64\n",
      "Riboflavin_mg    8618 non-null float64\n",
      "Thiamin_mg       8618 non-null float64\n",
      "Calcium_mg       8618 non-null int64\n",
      "Copper_mcg       8618 non-null float64\n",
      "Iron_mg          8618 non-null float64\n",
      "Magnesium_mg     8618 non-null int64\n",
      "Manganese_mg     8618 non-null float64\n",
      "Phosphorus_mg    8618 non-null int64\n",
      "Selenium_mcg     8618 non-null float64\n",
      "Zinc_mg          8618 non-null float64\n",
      "dtypes: float64(17), int64(6)\n",
      "memory usage: 1.5 MB\n"
     ]
    }
   ],
   "source": [
    "numericas.info()"
   ]
  },
  {
   "cell_type": "code",
   "execution_count": 9,
   "metadata": {},
   "outputs": [
    {
     "data": {
      "text/html": [
       "<div>\n",
       "<style scoped>\n",
       "    .dataframe tbody tr th:only-of-type {\n",
       "        vertical-align: middle;\n",
       "    }\n",
       "\n",
       "    .dataframe tbody tr th {\n",
       "        vertical-align: top;\n",
       "    }\n",
       "\n",
       "    .dataframe thead th {\n",
       "        text-align: right;\n",
       "    }\n",
       "</style>\n",
       "<table border=\"1\" class=\"dataframe\">\n",
       "  <thead>\n",
       "    <tr style=\"text-align: right;\">\n",
       "      <th></th>\n",
       "      <th>Energy_kcal</th>\n",
       "      <th>Protein_g</th>\n",
       "      <th>Fat_g</th>\n",
       "      <th>Carb_g</th>\n",
       "      <th>Sugar_g</th>\n",
       "      <th>Fiber_g</th>\n",
       "      <th>VitA_mcg</th>\n",
       "      <th>VitB6_mg</th>\n",
       "      <th>VitB12_mcg</th>\n",
       "      <th>VitC_mg</th>\n",
       "      <th>...</th>\n",
       "      <th>Riboflavin_mg</th>\n",
       "      <th>Thiamin_mg</th>\n",
       "      <th>Calcium_mg</th>\n",
       "      <th>Copper_mcg</th>\n",
       "      <th>Iron_mg</th>\n",
       "      <th>Magnesium_mg</th>\n",
       "      <th>Manganese_mg</th>\n",
       "      <th>Phosphorus_mg</th>\n",
       "      <th>Selenium_mcg</th>\n",
       "      <th>Zinc_mg</th>\n",
       "    </tr>\n",
       "  </thead>\n",
       "  <tbody>\n",
       "    <tr>\n",
       "      <th>0</th>\n",
       "      <td>717</td>\n",
       "      <td>0.85</td>\n",
       "      <td>81.11</td>\n",
       "      <td>0.06</td>\n",
       "      <td>0.06</td>\n",
       "      <td>0.0</td>\n",
       "      <td>684</td>\n",
       "      <td>0.003</td>\n",
       "      <td>0.17</td>\n",
       "      <td>0.0</td>\n",
       "      <td>...</td>\n",
       "      <td>0.034</td>\n",
       "      <td>0.005</td>\n",
       "      <td>24</td>\n",
       "      <td>0.000</td>\n",
       "      <td>0.02</td>\n",
       "      <td>2</td>\n",
       "      <td>0.000</td>\n",
       "      <td>24</td>\n",
       "      <td>1.0</td>\n",
       "      <td>0.09</td>\n",
       "    </tr>\n",
       "    <tr>\n",
       "      <th>1</th>\n",
       "      <td>717</td>\n",
       "      <td>0.85</td>\n",
       "      <td>81.11</td>\n",
       "      <td>0.06</td>\n",
       "      <td>0.06</td>\n",
       "      <td>0.0</td>\n",
       "      <td>684</td>\n",
       "      <td>0.003</td>\n",
       "      <td>0.13</td>\n",
       "      <td>0.0</td>\n",
       "      <td>...</td>\n",
       "      <td>0.034</td>\n",
       "      <td>0.005</td>\n",
       "      <td>24</td>\n",
       "      <td>0.016</td>\n",
       "      <td>0.16</td>\n",
       "      <td>2</td>\n",
       "      <td>0.004</td>\n",
       "      <td>23</td>\n",
       "      <td>1.0</td>\n",
       "      <td>0.05</td>\n",
       "    </tr>\n",
       "    <tr>\n",
       "      <th>2</th>\n",
       "      <td>876</td>\n",
       "      <td>0.28</td>\n",
       "      <td>99.48</td>\n",
       "      <td>0.00</td>\n",
       "      <td>0.00</td>\n",
       "      <td>0.0</td>\n",
       "      <td>840</td>\n",
       "      <td>0.001</td>\n",
       "      <td>0.01</td>\n",
       "      <td>0.0</td>\n",
       "      <td>...</td>\n",
       "      <td>0.005</td>\n",
       "      <td>0.001</td>\n",
       "      <td>4</td>\n",
       "      <td>0.001</td>\n",
       "      <td>0.00</td>\n",
       "      <td>0</td>\n",
       "      <td>0.000</td>\n",
       "      <td>3</td>\n",
       "      <td>0.0</td>\n",
       "      <td>0.01</td>\n",
       "    </tr>\n",
       "    <tr>\n",
       "      <th>3</th>\n",
       "      <td>353</td>\n",
       "      <td>21.40</td>\n",
       "      <td>28.74</td>\n",
       "      <td>2.34</td>\n",
       "      <td>0.50</td>\n",
       "      <td>0.0</td>\n",
       "      <td>198</td>\n",
       "      <td>0.166</td>\n",
       "      <td>1.22</td>\n",
       "      <td>0.0</td>\n",
       "      <td>...</td>\n",
       "      <td>0.382</td>\n",
       "      <td>0.029</td>\n",
       "      <td>528</td>\n",
       "      <td>0.040</td>\n",
       "      <td>0.31</td>\n",
       "      <td>23</td>\n",
       "      <td>0.009</td>\n",
       "      <td>387</td>\n",
       "      <td>14.5</td>\n",
       "      <td>2.66</td>\n",
       "    </tr>\n",
       "    <tr>\n",
       "      <th>4</th>\n",
       "      <td>371</td>\n",
       "      <td>23.24</td>\n",
       "      <td>29.68</td>\n",
       "      <td>2.79</td>\n",
       "      <td>0.51</td>\n",
       "      <td>0.0</td>\n",
       "      <td>292</td>\n",
       "      <td>0.065</td>\n",
       "      <td>1.26</td>\n",
       "      <td>0.0</td>\n",
       "      <td>...</td>\n",
       "      <td>0.351</td>\n",
       "      <td>0.014</td>\n",
       "      <td>674</td>\n",
       "      <td>0.024</td>\n",
       "      <td>0.43</td>\n",
       "      <td>24</td>\n",
       "      <td>0.012</td>\n",
       "      <td>451</td>\n",
       "      <td>14.5</td>\n",
       "      <td>2.60</td>\n",
       "    </tr>\n",
       "  </tbody>\n",
       "</table>\n",
       "<p>5 rows × 23 columns</p>\n",
       "</div>"
      ],
      "text/plain": [
       "   Energy_kcal  Protein_g  Fat_g  Carb_g  Sugar_g  Fiber_g  VitA_mcg  \\\n",
       "0          717       0.85  81.11    0.06     0.06      0.0       684   \n",
       "1          717       0.85  81.11    0.06     0.06      0.0       684   \n",
       "2          876       0.28  99.48    0.00     0.00      0.0       840   \n",
       "3          353      21.40  28.74    2.34     0.50      0.0       198   \n",
       "4          371      23.24  29.68    2.79     0.51      0.0       292   \n",
       "\n",
       "   VitB6_mg  VitB12_mcg  VitC_mg  ...  Riboflavin_mg  Thiamin_mg  Calcium_mg  \\\n",
       "0     0.003        0.17      0.0  ...          0.034       0.005          24   \n",
       "1     0.003        0.13      0.0  ...          0.034       0.005          24   \n",
       "2     0.001        0.01      0.0  ...          0.005       0.001           4   \n",
       "3     0.166        1.22      0.0  ...          0.382       0.029         528   \n",
       "4     0.065        1.26      0.0  ...          0.351       0.014         674   \n",
       "\n",
       "   Copper_mcg  Iron_mg  Magnesium_mg  Manganese_mg  Phosphorus_mg  \\\n",
       "0       0.000     0.02             2         0.000             24   \n",
       "1       0.016     0.16             2         0.004             23   \n",
       "2       0.001     0.00             0         0.000              3   \n",
       "3       0.040     0.31            23         0.009            387   \n",
       "4       0.024     0.43            24         0.012            451   \n",
       "\n",
       "   Selenium_mcg  Zinc_mg  \n",
       "0           1.0     0.09  \n",
       "1           1.0     0.05  \n",
       "2           0.0     0.01  \n",
       "3          14.5     2.66  \n",
       "4          14.5     2.60  \n",
       "\n",
       "[5 rows x 23 columns]"
      ]
     },
     "execution_count": 9,
     "metadata": {},
     "output_type": "execute_result"
    }
   ],
   "source": [
    "numericas.head()"
   ]
  },
  {
   "cell_type": "markdown",
   "metadata": {},
   "source": [
    "Escalar las variables"
   ]
  },
  {
   "cell_type": "code",
   "execution_count": 10,
   "metadata": {},
   "outputs": [],
   "source": [
    "from sklearn.preprocessing import StandardScaler\n",
    "scaler = StandardScaler()"
   ]
  },
  {
   "cell_type": "code",
   "execution_count": 11,
   "metadata": {},
   "outputs": [],
   "source": [
    "df_nutrientes = scaler.fit_transform(numericas)"
   ]
  },
  {
   "cell_type": "markdown",
   "metadata": {},
   "source": [
    "Funciones del examen anterior que calculan factorización QR"
   ]
  },
  {
   "cell_type": "code",
   "execution_count": 12,
   "metadata": {},
   "outputs": [],
   "source": [
    "import numpy as np\n",
    "import copy\n",
    "import codecs\n",
    "import sys\n",
    "from scipy.linalg import solve_triangular\n",
    "\n",
    "def busca_ayuda(cadena):\n",
    "    \"\"\"\n",
    "    Función que devuelve el texto de ayuda correspondiente a la función\n",
    "    que se pase como parámetro, obtenida de un unico archivo .txt\n",
    "    donde están documentadas las \"ayudas\" de todas las funciones asociadas\n",
    "    a la factorización QR (contenidas en este .py)\n",
    "    \n",
    "    params: cadena  nombre de la función de la que se desea obtener ayuda\n",
    "                    \n",
    "    return: help    ayuda de la función buscada en forma de texto\n",
    "    \n",
    "    \"\"\"\n",
    "    l=len(cadena)\n",
    "    help=codecs.open('Help_funciones_factorizacion_QR.txt', \"r\", \"utf-8\").read()\n",
    "    p_inicio=help.find(\"****i****\" + cadena)\n",
    "    p_final=help.find(\"****f****\" + cadena)\n",
    "    help=help[(p_inicio+9+l):p_final]\n",
    "    return help\n",
    "\n",
    "\n",
    "\n",
    "\n",
    "\n",
    "\n",
    "def crear_matriz_aleatoria(renglones,columnas,maximo_valor,minimo_valor,entero=False):\n",
    "    \"\"\"\n",
    "    Función de apoyo para genear matrices aleatorias\n",
    "    params: renglones       no. de renglones de la matriz\n",
    "            columnas        no. de columnas de la matriz\n",
    "            maximo_valor    valor máximo de las entradas de la matriz\n",
    "            minimo_valor    valor mínimo de las entradas de la matriz\n",
    "            entero          Indica si las entradas serán enteras (True) o no\n",
    "            \n",
    "    return: M               Matriz con numeros al azar\n",
    "    \"\"\"\n",
    "    \n",
    "    #Se checa que los parámetros sean congruentes con la funcionalidad\n",
    "    if isinstance(renglones, int)==False or isinstance(columnas, int)==False:\n",
    "        sys.exit('Los parámetros de renglones y columnas deben ser enteros positivos')\n",
    "    elif renglones<=0 or columnas<=0:\n",
    "        sys.exit('Los parámetros de renglones y columnas deben ser enteros positivos')            \n",
    "    if isinstance(maximo_valor, (int, float))==False or isinstance(minimo_valor, (int, float))==False:\n",
    "        sys.exit('Los parámetros maximo_valor y minimo_valor deben ser numericos')\n",
    "\n",
    "    #Se inicializa una matriz llena de ceros con las dimensiones deseadas (mxn)\n",
    "    M=np.zeros((renglones, columnas))\n",
    "    for i in range(renglones):\n",
    "        for j in range(columnas):\n",
    "            #Si entero es verdadero se obtiene el maximo entero menor o igual a 1 (//1)\n",
    "            if entero:\n",
    "                M[i][j]=(np.random.rand(1)*(maximo_valor+1-minimo_valor)+minimo_valor)//1\n",
    "            else:\n",
    "                M[i][j]=np.random.rand(1)*(maximo_valor-minimo_valor)+minimo_valor\n",
    "    return M\n",
    "\n",
    "#crear_matriz_aleatoria.__doc__ =busca_ayuda(\"crear_matriz_aleatoria\")\n",
    "\n",
    "\n",
    "\n",
    "\n",
    "\n",
    "\n",
    "def house(x):\n",
    "    \"\"\"\n",
    "    Función que calcula vector de householder\n",
    "    \n",
    "    params: x       vector al que se le hará la reflexión householder\n",
    "                    \n",
    "    return: Beta    factor para obtener matriz de reflexión householder Rf\n",
    "            v       vector de householder\n",
    "    \"\"\"\n",
    "    \n",
    "    #Se checa que los parámetros sean congruentes con la funcionalidad\n",
    "    if type(x) is not np.ndarray:\n",
    "        sys.exit('x debe ser de tipo numpy.ndarray')\n",
    "    \n",
    "    #longitud del vector x=(x_0,x_1,x_2,...,x_(m-1))\n",
    "    m=len(x)\n",
    "    norm_2_m=x[1:m].dot(np.transpose(x[1:m]))\n",
    "    #Se hace v=x=(1,x_1,x_2,...,x_(m-1))\n",
    "    v=np.concatenate((1,x[1:m]), axis=None)\n",
    "    Beta=0\n",
    "    #con las siguientes condiciones se checa si x es múltiplo del vector canónico e_1 \n",
    "    #y el signo de x[0]\n",
    "    if (norm_2_m==0 and x[0]>=0):\n",
    "        Beta=0\n",
    "    elif (norm_2_m==0 and x[0]<0):\n",
    "        Beta=2\n",
    "    else:\n",
    "        norm_x=np.sqrt(pow(x[0],2)+norm_2_m)\n",
    "        if (x[0]<=0):\n",
    "            v[0]=x[0]-norm_x\n",
    "        else:\n",
    "            v[0]=-norm_2_m/(x[0]+norm_x)\n",
    "        Beta=2*pow(v[0],2)/(norm_2_m+pow(v[0],2))\n",
    "        v=v/v[0]\n",
    "    return Beta, v\n",
    "\n",
    "#house.__doc__ =busca_ayuda(\"house\")\n",
    "\n",
    "\n",
    "\n",
    "\n",
    "\n",
    "\n",
    "def matriz_auxiliar_Arv(A,ind_singular=False):\n",
    "    \"\"\"\n",
    "    Función que genera una matriz que contiene los elementos r distintos de cero de la \n",
    "    matriz R y las entradas de los vectores householder v (excepto la primera), con los \n",
    "    cuales se puede calcular la matriz Q. Ambas matrices componentes de la factorización QR\n",
    "    \n",
    "    params: A      Matriz (mxn) de la que se desea obtner factorización QR\n",
    "            \n",
    "    return: Arv    Matriz (mxn) que incluye las componentes distintas de cero de la matriz R \n",
    "                   y los vectores householder con los que se puede obtener la matriz Q, y \n",
    "                   con ello la factorización QR\n",
    "    \"\"\"\n",
    "    \n",
    "    #Se checa que los parámetros sean congruentes con la funcionalidad\n",
    "    if type(A) is not np.ndarray:\n",
    "        sys.exit('A debe ser de tipo numpy.ndarray')\n",
    "    m,n=A.shape\n",
    "    if m<n:\n",
    "        sys.exit('EL numero de renglones de A debe ser mayor o igual al no. de columnas')\n",
    "    \n",
    "    #m contiene el numero de renglones y n el de columnas\n",
    "    m,n=A.shape\n",
    "    #se crea una matriz con los valores de A\n",
    "    Arv=copy.copy(A)\n",
    "    \n",
    "    #si no se pide que se cheque que la matriz es singular, se obtendrá la matriz R\n",
    "    #aún si esta es singula (que exista algún elemento de la diagonal que sea 0\n",
    "    if ind_singular==False:\n",
    "        for j in range(n):\n",
    "            beta, v=house(Arv[j:m,j])\n",
    "            #Con esta multiplicación se van generando las componentes r de la matriz R\n",
    "            Arv[j:m,j:n]=Arv[j:m,j:n]-beta*np.outer(v,(np.transpose(v)@Arv[j:m,j:n]))\n",
    "            #se guarda en cada columnas los valores de v d, excepto la primer componente (que vale 1)\n",
    "            Arv[(j+1):m,j]=v[1:(m-j)]\n",
    "    else:\n",
    "        for j in range(n):\n",
    "            beta, v=house(Arv[j:m,j])\n",
    "            Arv[j:m,j:n]=Arv[j:m,j:n]-beta*np.outer(v,(np.transpose(v)@Arv[j:m,j:n]))\n",
    "            #Si se detecta que alguna entrada de la diagonal (elemento de la maatriz R)\n",
    "            #es cero, se devuelve un valor nulo (None), y para el cálculo de Arv\n",
    "            #No se condiciona sobre si alcanza el valor de cero, sino más bien\n",
    "            #si está lo suficientemente cercano, pues dados los errores por redondeo\n",
    "            #no siempre se alcanza el cero aunque teóricamente sí lo sea, pero el\n",
    "            #algoritmos arroja un valor cercano a cero\n",
    "            if Arv[j,j]<10**(-14) and Arv[j,j]>-10**(-14):\n",
    "                return None\n",
    "            Arv[(j+1):m,j]=v[1:(m-j)]\n",
    "    return Arv\n",
    "\n",
    "#matriz_auxiliar_Arv.__doc__ =busca_ayuda(\"matriz_auxiliar_Arv\")\n",
    "\n",
    "\n",
    "\n",
    "\n",
    "\n",
    "\n",
    "def matriz_Q_R(A,ind_singular=False):\n",
    "    \"\"\"\n",
    "    Función que devuelve la matriz R y Q de la factorización QR de una matriz A\n",
    "    \n",
    "    params: A    Matriz (mxn)\n",
    "    return: Q    Matriz Q (mxm) de la factorización A=QR\n",
    "            R    Matriz Q (mxm) de la factorización A=QR\n",
    "    \"\"\"\n",
    "    \n",
    "    #Se checa que los parámetros sean congruentes con la funcionalidad\n",
    "    if type(A) is not np.ndarray:\n",
    "        sys.exit('A debe ser de tipo numpy.ndarray')\n",
    "    elif A.shape[0]<A.shape[1]:\n",
    "        sys.exit('El numero de renglones de A tiene que ser igual o mayor al no. de columnas')\n",
    "    \n",
    "    #si ind_singular es True, entonces no se devuelve la matriz R ni Q\n",
    "    #esto se plantea así como un sistema de contról, para evitar comprobar que las matrices\n",
    "    #sean singulares (y no tengan una única solución) mediante el determinante, que\n",
    "    #involucra un alto costo computacional para matrices de tamaño representativo\n",
    "    Arv=matriz_auxiliar_Arv(A,ind_singular)\n",
    "\n",
    "    if Arv is None:\n",
    "        return None, None\n",
    "    else:\n",
    "        m,n=A.shape\n",
    "        Q=np.eye(m)\n",
    "        R=copy.copy(A)\n",
    "        for j in range(n):\n",
    "            Qj=Q_j(Arv,j+1)\n",
    "            Q=Q@Qj\n",
    "            R=Q_j(Arv,j+1)@R\n",
    "        return Q,R\n",
    "\n",
    "#matriz_Q_R.__doc__ =busca_ayuda(\"matriz_Q_R\")\n",
    "\n",
    "\n",
    "\n",
    "\n",
    "\n",
    "\n",
    "def Q_j(Arv,j):\n",
    "    \"\"\"\n",
    "    Función que calcula la matriz Qj (en el proceso de obtención de factorización QR se van \n",
    "    obteniendo n Qj's, que si se multiplican todas da por resultado Q=Q_1*Q_2*...*Q_n)\n",
    "                            \n",
    "    params: Arv   Matriz (mxn) con la info escencial\n",
    "            j     indica el índice de la matriz Q_j\n",
    "    return: Qj    Matriz Q de la j-esima iteración del proceso iterativo de factorización QR\n",
    "    \"\"\"\n",
    "    \n",
    "    #Se checa que los parámetros sean congruentes con la funcionalidad\n",
    "    if type(Arv) is not np.ndarray:\n",
    "        sys.exit('Arv debe ser de tipo numpy.ndarray')\n",
    "    elif Arv.shape[0]<Arv.shape[1]:\n",
    "        sys.exit('El numero de renglones de Arv tiene que ser igual o mayor al no. de columnas')\n",
    "    if isinstance(j, int)==False:\n",
    "        sys.exit('El parámetro j deber ser un entero')\n",
    "    elif 1>j or j>Arv.shape[1]:\n",
    "        sys.exit('El parámetro j debe estar en el rango [1,no. columnas de Arv]')\n",
    "    \n",
    "    m,n=Arv.shape\n",
    "    Qj=np.eye(m)\n",
    "    #Para construir Q_j requerimos usar el vector v contenido en Arv contenido\n",
    "    #en la j-1 columna (considerando que en Python la primer columna es la cero)\n",
    "    v=np.concatenate((1,Arv[j:m,(j-1)]), axis=None)\n",
    "    beta=2/(1+Arv[j:m,(j-1)].dot(Arv[j:m,(j-1)]))\n",
    "    Qj[(j-1):m,(j-1):m]=np.eye(m-(j-1))-beta*np.outer(v,v)\n",
    "    return Qj\n",
    "\n",
    "#Q_j.__doc__ =busca_ayuda(\"Q_j\")\n",
    "\n",
    "\n",
    "\n",
    "\n",
    "\n",
    "\n",
    "def Solucion_SEL_QR_nxn(A,b):\n",
    "    \"\"\"\n",
    "    Función que obtiene la solución de un sistema de ecuaciones lineales (SEL) con n ecuaciones y n incognitas\n",
    "            \n",
    "    params: A   Matriz (nxn) que representa los coeficientas de las ecuaciones\n",
    "            b   vector (nx1) constantes del sistema\n",
    "    return: x   vector que satisface (Ax=b)\n",
    "    \"\"\"\n",
    "\n",
    "    #Se checa que los parámetros sean congruentes con la funcionalidad\n",
    "    if type(A) is not np.ndarray or type(b) is not np.ndarray: #esto implica que A y b tienen más de 1 elemento\n",
    "        sys.exit('A y b deben ser de tipo numpy.ndarray')\n",
    "    m,n = A.shape\n",
    "    if m<n:\n",
    "        sys.exit('EL numero de renglones de A debe ser mayor o igual al no. de columnas')\n",
    "    elif b.shape[0]!= m:\n",
    "        sys.exit('b debe representar un vector columna (mx1), m=no. renglones de A')\n",
    "    else:\n",
    "        try:\n",
    "            flag=b.shape[1]\n",
    "        except Exception:\n",
    "            flag=1\n",
    "        if flag!=1:\n",
    "            sys.exit(\"b debe representar un vector de m renglones y 1 columna\")\n",
    "\n",
    "    #Si la matriz A es singular, Q y R serán igual a None\n",
    "    Q,R=matriz_Q_R(A,1)\n",
    "    if Q is None:\n",
    "        sys.exit('La matriz A asociada al sistema de ecuaciones es singular')\n",
    "    b_prima=np.transpose(Q)@b\n",
    "    x=solve_triangular(R, b_prima,lower=False)\n",
    "    return x\n",
    "\n",
    "#Solucion_SEL_QR_nxn.__doc__ =busca_ayuda(\"Solucion_SEL_QR_nxn\")\n",
    "\n",
    "\n",
    "\n",
    "\n",
    "\n",
    "def crear_bloques(A, b, m1=False, n1=False):\n",
    "    \"\"\"\n",
    "    Esta es la función para la creación de bloques usando un arreglo de numpy\n",
    "    \n",
    "    params: A   Matriz (mxn) que representa los coeficientas de las ecuaciones\n",
    "            b   vector (mx1) constantes del sistema\n",
    "            n1  Numero de renglones que tendrá el 1er bloque\n",
    "            m1  Numero de columnas que tendrá el 1er bloque\n",
    "    \n",
    "    return: A11 Fraccion de la matriz dividida\n",
    "            A12 Fraccion de la matriz dividida\n",
    "            A12 Fraccion de la matriz dividida\n",
    "            A12 Fraccion de la matriz dividida\n",
    "            b1  Fraccion del vector dividido\n",
    "            b2  Fraccion del vector dividido\n",
    "    \"\"\"\n",
    "\n",
    "    #Se checa que los parámetros sean congruentes con la funcionalidad\n",
    "    if type(A) is not np.ndarray or type(b) is not np.ndarray: #esto implica que A y b tienen más de 1 elemento\n",
    "        sys.exit('A y b deben ser de tipo numpy.ndarray')\n",
    "    m,n = A.shape\n",
    "    if m<n:\n",
    "        sys.exit('EL numero de renglones de A debe ser mayor o igual al no. de columnas')\n",
    "    elif b.shape[0]!= m:\n",
    "        sys.exit('b debe representar un vector columna (mx1), m=no. renglones de A')\n",
    "    else:\n",
    "        try:\n",
    "            flag=b.shape[1]\n",
    "        except Exception:\n",
    "            flag=1\n",
    "        if flag!=1:\n",
    "            sys.exit(\"b debe representar un vector de m renglones y 1 columna\")    \n",
    "    \n",
    "    if m1==False:\n",
    "        m1=m//2\n",
    "    if n1==False:\n",
    "        n1=n//2\n",
    "    \n",
    "    b1 = b[:m1]\n",
    "    b2 = b[m1:m]\n",
    "    A11 = A[:m1,:n1]\n",
    "    A21 = A[m1:m,:n1]\n",
    "    A12 = A[:m1,n1:n]\n",
    "    A22 = A[m1:m,n1:n]\n",
    "\n",
    "    return A11,A21,A12,A22,b1,b2\n",
    "\n",
    "#crear_bloques.__doc__ =busca_ayuda(\"crear_bloques\")\n",
    "\n",
    "\n",
    "\n",
    "\n",
    "\n",
    "\n",
    "def eliminacion_bloques(A,b, m1=False, n1=False):\n",
    "    \"\"\"\n",
    "    Función que obtiene la solución de un sistema de ecuaciones lineala (SEL) con n ecuaciones y n incognitas\n",
    "            \n",
    "    params: A   Matriz (mxn) que representa los coeficientas de las ecuaciones\n",
    "            b   vector (mx1) constantes del sistema\n",
    "    \n",
    "    return: x1 Solucion al 1er sistema de ecuaciones obtenido con la división por bloques\n",
    "            x2 Solucion al 2do sistema de ecuaciones obtenido con la división por bloques\n",
    "    \"\"\"\n",
    "    \n",
    "    #Se checa que los parámetros sean congruentes con la funcionalidad\n",
    "    if type(A) is not np.ndarray or type(b) is not np.ndarray: #esto implica que A y b tienen más de 1 elemento\n",
    "        sys.exit('A y b deben ser de tipo numpy.ndarray')\n",
    "    m,n = A.shape\n",
    "    if m<n:\n",
    "        sys.exit('EL numero de renglones de A debe ser mayor o igual al no. de columnas')\n",
    "        \n",
    "    elif b.shape[0]!= m:\n",
    "        sys.exit('b debe representar un vector columna (mx1), m=no. renglones de A')\n",
    "    else:\n",
    "        try:\n",
    "            flag=b.shape[1]\n",
    "        except Exception:\n",
    "            flag=1\n",
    "        if flag!=1:\n",
    "            sys.exit(\"b debe representar un vector de m renglones y 1 columna\")\n",
    "    \n",
    "    if m1==False:\n",
    "        m1=m//2\n",
    "    if n1==False:\n",
    "        n1=n//2\n",
    "\n",
    "    if m != n:\n",
    "        sys.exit('A debe ser cuadrada')\n",
    "\n",
    "#     if np.linalg.det(A)==0:\n",
    "#         sys.exit('A debe ser no singular')\n",
    "\n",
    "    A11,A21,A12,A22,b1,b2=crear_bloques(A,b,m1,n1)\n",
    "\n",
    "    # 1. Calcular Y=A11^{-1}A12 y y=A11^{-1}b1 teniendo cuidado en no calcular la inversa sino un sistema de ecuaciones lineales\n",
    "    #if np.linalg.det(A11)==0:\n",
    "    #    sys.exit('A11 debe ser no singular')\n",
    "    y=Solucion_SEL_QR_nxn(A11,b1)\n",
    "    \n",
    "    Y=np.zeros((n1,n-n1))\n",
    "    for j in range(n-n1):\n",
    "        Y[:,j]=Solucion_SEL_QR_nxn(A11,A12[:,j])\n",
    "    \n",
    "    # 2. Calcular el complemento de Schur del bloque A11 en A. Calcular b_hat\n",
    "    S=A22-A21@Y\n",
    "    b_h=b2-A21@y\n",
    "\n",
    "    # 3. Resolver Sx2 = b_hat\n",
    "    x2=Solucion_SEL_QR_nxn(S,b_h)\n",
    "\n",
    "    # 4. Resolver A11x1 = b1-A12x2\n",
    "    x1=Solucion_SEL_QR_nxn(A11,b1-A12@x2)\n",
    "\n",
    "    return np.concatenate((x1,x2), axis=0)\n",
    "\n",
    "#eliminacion_bloques.__doc__ =busca_ayuda(\"eliminacion_bloques\")"
   ]
  },
  {
   "cell_type": "markdown",
   "metadata": {},
   "source": [
    "## Funcion creada para este proyecto final"
   ]
  },
  {
   "cell_type": "markdown",
   "metadata": {},
   "source": [
    "Función que ocupa algoritm QR para calcular los eigenvectores de una matriz"
   ]
  },
  {
   "cell_type": "code",
   "execution_count": 13,
   "metadata": {},
   "outputs": [],
   "source": [
    "def eigenvectores_eigenvalores_QR_vf(data,niter,tolerancia = 10**-8):\n",
    "    \"\"\"\n",
    "    Función para obtener los eigenvectores y eigenvalores de una matriz cualquiera\n",
    "    params: data\t\t\tmatriz de datos\n",
    "            niter: número de iteraciones máximas \n",
    "    \n",
    "    \n",
    "    return:     eigenvalores \n",
    "                eigenvalores \n",
    "                \n",
    "    Depende de las funciones ue calculan la factorización QR\n",
    "    \"\"\"\n",
    "\n",
    "    # convertir a array\n",
    "    A = np.array(data)\n",
    "    \n",
    "    # La matriz de covarianza ya es simetrica, no necesitamos rellenar columnas de ceros\n",
    "    # Completamos la matriz A con columnas de ceros para que sea cuadrada\n",
    "    n, p = A.shape\n",
    "    columnas = n - p\n",
    "    ceros = np.zeros((n,columnas))\n",
    "    \n",
    "    # Matriz inicial\n",
    "    A0 = np.append(A, ceros, axis = 1)\n",
    "    # Factorización inicial\n",
    "    Qk,Rk =matriz_Q_R(A0)\n",
    "    \n",
    "    # Hacer una copia de la matriz Q inicial\n",
    "    Q = Qk.copy()\n",
    "    \n",
    "    valor = 10\n",
    "    \n",
    "    #iniciamos ciclo\n",
    "    for i in range(niter):\n",
    "        \n",
    "        #Definimos la nueva Ak+1\n",
    "        Ak = Rk@Qk\n",
    "        #calculamos la factorización QR sobre la nueva Ak\n",
    "        Qk,Rk =matriz_Q_R(Ak)\n",
    "        \n",
    "        # Actualizar la matriz Q\n",
    "        Q = Q@Qk\n",
    "        \n",
    "        \n",
    "        # Se usan los valores distintos de la diagonal para corroborar la tolerancia deseada\n",
    "        valor = np.sum(np.abs(Qk)) - np.trace(np.abs(Qk))\n",
    "        \n",
    "        \n",
    "        # Detener si se logra la tolerancia deseada\n",
    "        # Notar que en esta primera prueba no se está actualizando  el valor que checa la tolerancia\n",
    "        if (valor<tolerancia):\n",
    "            print(\"se alcanzo la torelacia deseada\")\n",
    "            break\n",
    "    \n",
    "    #se acaba el for\n",
    "    \n",
    "    #La diagonal de Ak nos regresa los eigenvalores\n",
    "    eigenvalores = np.diagonal(Ak)\n",
    "        \n",
    "    return eigenvalores, Q"
   ]
  },
  {
   "cell_type": "markdown",
   "metadata": {},
   "source": [
    "### Probar la función"
   ]
  },
  {
   "cell_type": "markdown",
   "metadata": {},
   "source": [
    "Crear una matriz de covarianzas"
   ]
  },
  {
   "cell_type": "code",
   "execution_count": 14,
   "metadata": {},
   "outputs": [
    {
     "data": {
      "text/plain": [
       "array([[ 1.00011605e+00,  1.10314826e-01,  8.06888349e-01,\n",
       "         4.87152820e-01,  3.13187760e-01,  1.97360607e-01,\n",
       "         2.63319240e-02,  1.21886189e-01, -1.22936357e-02,\n",
       "        -3.34986997e-02,  3.03736260e-01,  1.45953262e-01,\n",
       "         1.75011508e-01,  1.55848551e-01,  1.87460547e-01,\n",
       "         1.23585367e-01,  9.95244299e-02,  1.95587000e-01,\n",
       "         2.55909273e-01,  3.76253802e-02,  1.95203296e-01,\n",
       "         5.66793206e-02,  1.12779439e-01],\n",
       "       [ 1.10314826e-01,  1.00011605e+00,  5.47217340e-02,\n",
       "        -3.02008975e-01, -2.66200429e-01, -7.27858501e-02,\n",
       "         2.64858692e-02,  2.28511835e-01,  2.45451882e-01,\n",
       "        -6.64632916e-02, -2.94848805e-02,  8.94030958e-03,\n",
       "         3.76983043e-01,  2.02503229e-01,  9.83711284e-02,\n",
       "         4.68937280e-02,  1.58918049e-01,  1.26389996e-01,\n",
       "         2.18635959e-01,  3.97470507e-02,  4.44659202e-01,\n",
       "         3.78413082e-01,  4.16363691e-01],\n",
       "       [ 8.06888349e-01,  5.47217340e-02,  1.00011605e+00,\n",
       "        -5.41224131e-02, -1.96228652e-03, -2.88453584e-02,\n",
       "         2.43815054e-02, -4.69550019e-02, -2.07880610e-02,\n",
       "        -6.00004291e-02,  3.38047505e-01, -5.80559500e-02,\n",
       "        -2.26736962e-02, -3.62901794e-02, -5.78611912e-03,\n",
       "         1.50408983e-02,  4.27699562e-02, -4.04131455e-02,\n",
       "         7.07889797e-02, -5.91786877e-04,  6.60941123e-02,\n",
       "         3.75635036e-02,  2.82668023e-02],\n",
       "       [ 4.87152820e-01, -3.02008975e-01, -5.41224131e-02,\n",
       "         1.00011605e+00,  6.15415555e-01,  4.58245089e-01,\n",
       "         1.87107130e-03,  1.95593912e-01, -9.46465376e-02,\n",
       "         7.67543817e-02,  7.03063555e-02,  3.25207359e-01,\n",
       "         1.73304973e-01,  2.32434585e-01,  2.81841518e-01,\n",
       "         1.89128331e-01,  6.21129071e-02,  3.50503819e-01,\n",
       "         2.87240462e-01,  5.55765662e-02,  7.31889532e-02,\n",
       "        -1.14612836e-01, -1.21883010e-02],\n",
       "       [ 3.13187760e-01, -2.66200429e-01, -1.96228652e-03,\n",
       "         6.15415555e-01,  1.00011605e+00,  1.15929731e-01,\n",
       "         1.01444605e-02,  8.87777768e-02, -5.04561703e-02,\n",
       "         6.41598673e-02,  6.60647357e-02,  1.61275445e-01,\n",
       "         3.43823840e-02,  1.25239405e-01,  9.77623048e-02,\n",
       "         1.29554993e-01, -5.83721089e-03,  1.17778921e-01,\n",
       "         4.13130000e-02,  1.08722925e-02, -4.97898065e-02,\n",
       "        -1.23721999e-01, -2.19932517e-02],\n",
       "       [ 1.97360607e-01, -7.27858501e-02, -2.88453584e-02,\n",
       "         4.58245089e-01,  1.15929731e-01,  1.00011605e+00,\n",
       "         5.91091929e-03,  2.42832347e-01, -5.20510739e-02,\n",
       "         8.18612141e-02,  1.60172563e-01,  2.49104354e-01,\n",
       "         1.35273124e-01,  1.57721234e-01,  2.05234577e-01,\n",
       "         2.32312713e-01,  1.85065361e-01,  3.86755186e-01,\n",
       "         5.42100438e-01,  1.01672931e-01,  1.58440780e-01,\n",
       "        -3.59013984e-02,  8.51637033e-02],\n",
       "       [ 2.63319240e-02,  2.64858692e-02,  2.43815054e-02,\n",
       "         1.87107130e-03,  1.01444605e-02,  5.91091929e-03,\n",
       "         1.00011605e+00,  1.36620448e-01,  5.81071229e-01,\n",
       "         1.11291870e-01,  4.41339955e-02,  1.08529751e-01,\n",
       "         1.51696554e-01,  3.25747271e-01,  5.29267845e-02,\n",
       "         3.48263533e-02,  5.70010835e-01,  1.03486530e-01,\n",
       "         2.45749175e-02,  3.70035866e-01,  5.58202700e-02,\n",
       "         4.80488769e-02,  7.05495203e-02],\n",
       "       [ 1.21886189e-01,  2.28511835e-01, -4.69550019e-02,\n",
       "         1.95593912e-01,  8.87777768e-02,  2.42832347e-01,\n",
       "         1.36620448e-01,  1.00011605e+00,  2.64355592e-01,\n",
       "         2.71336420e-01,  2.86098416e-01,  5.50151046e-01,\n",
       "         7.14225420e-01,  5.81745091e-01,  4.17059815e-01,\n",
       "         1.77288626e-01,  1.16339988e-01,  4.77960571e-01,\n",
       "         2.93202542e-01,  6.68833698e-02,  2.13420105e-01,\n",
       "         1.09016378e-01,  4.47195059e-01],\n",
       "       [-1.22936357e-02,  2.45451882e-01, -2.07880610e-02,\n",
       "        -9.46465376e-02, -5.04561703e-02, -5.20510739e-02,\n",
       "         5.81071229e-01,  2.64355592e-01,  1.00011605e+00,\n",
       "         7.26526101e-03,  6.06247492e-02,  1.58501116e-01,\n",
       "         2.79065013e-01,  4.36232941e-01,  9.96127667e-02,\n",
       "         1.17162254e-02,  5.70708128e-01,  1.77354142e-01,\n",
       "         4.12464784e-03,  2.42139665e-01,  1.48791299e-01,\n",
       "         2.15333036e-01,  2.98170688e-01],\n",
       "       [-3.34986997e-02, -6.64632916e-02, -6.00004291e-02,\n",
       "         7.67543817e-02,  6.41598673e-02,  8.18612141e-02,\n",
       "         1.11291870e-01,  2.71336420e-01,  7.26526101e-03,\n",
       "         1.00011605e+00,  6.68932362e-02,  7.28053281e-02,\n",
       "         2.09130876e-01,  2.25953737e-01,  5.69936370e-02,\n",
       "         1.11838084e-01,  2.54629338e-02,  7.44255000e-02,\n",
       "         1.15234935e-01,  1.79439332e-02,  1.20014928e-02,\n",
       "        -3.52218783e-02,  1.84776523e-02],\n",
       "       [ 3.03736260e-01, -2.94848805e-02,  3.38047505e-01,\n",
       "         7.03063555e-02,  6.60647357e-02,  1.60172563e-01,\n",
       "         4.41339955e-02,  2.86098416e-01,  6.06247492e-02,\n",
       "         6.68932362e-02,  1.00011605e+00,  1.83989225e-01,\n",
       "         1.96994370e-01,  1.57181465e-01,  1.19326627e-01,\n",
       "         1.09683363e-01,  7.45128789e-02,  1.56350018e-01,\n",
       "         1.95227808e-01,  1.03347161e-01,  6.82585637e-02,\n",
       "         1.56266329e-02,  1.67112781e-01],\n",
       "       [ 1.45953262e-01,  8.94030958e-03, -5.80559500e-02,\n",
       "         3.25207359e-01,  1.61275445e-01,  2.49104354e-01,\n",
       "         1.08529751e-01,  5.50151046e-01,  1.58501116e-01,\n",
       "         7.28053281e-02,  1.83989225e-01,  1.00011605e+00,\n",
       "         5.35194582e-01,  5.70814633e-01,  5.38891789e-01,\n",
       "         1.49455225e-01,  1.21128188e-01,  4.74338871e-01,\n",
       "         2.42825149e-01,  5.83097976e-02,  1.21943421e-01,\n",
       "         3.48429541e-02,  3.19617142e-01],\n",
       "       [ 1.75011508e-01,  3.76983043e-01, -2.26736962e-02,\n",
       "         1.73304973e-01,  3.43823840e-02,  1.35273124e-01,\n",
       "         1.51696554e-01,  7.14225420e-01,  2.79065013e-01,\n",
       "         2.09130876e-01,  1.96994370e-01,  5.35194582e-01,\n",
       "         1.00011605e+00,  7.46822834e-01,  6.01898987e-01,\n",
       "         1.33302884e-01,  1.38492675e-01,  4.99814501e-01,\n",
       "         2.71821673e-01,  9.99726071e-02,  2.56909304e-01,\n",
       "         1.78904400e-01,  4.71696771e-01],\n",
       "       [ 1.55848551e-01,  2.02503229e-01, -3.62901794e-02,\n",
       "         2.32434585e-01,  1.25239405e-01,  1.57721234e-01,\n",
       "         3.25747271e-01,  5.81745091e-01,  4.36232941e-01,\n",
       "         2.25953737e-01,  1.57181465e-01,  5.70814633e-01,\n",
       "         7.46822834e-01,  1.00011605e+00,  6.33792888e-01,\n",
       "         2.22190383e-01,  3.00797867e-01,  5.06296075e-01,\n",
       "         2.29242713e-01,  1.06833967e-01,  2.23993419e-01,\n",
       "         1.40758199e-01,  3.67653633e-01],\n",
       "       [ 1.87460547e-01,  9.83711284e-02, -5.78611912e-03,\n",
       "         2.81841518e-01,  9.77623048e-02,  2.05234577e-01,\n",
       "         5.29267845e-02,  4.17059815e-01,  9.96127667e-02,\n",
       "         5.69936370e-02,  1.19326627e-01,  5.38891789e-01,\n",
       "         6.01898987e-01,  6.33792888e-01,  1.00011605e+00,\n",
