------------
vector :
vector[0]=1.00000
vector[1]=2.00000
vector[2]=3.00000
vector[3]=4.00000
vector[4]=5.00000
vector[5]=6.00000
vector[6]=7.00000
vector[7]=8.00000
vector[8]=9.00000
vector[9]=10.00000
------------
vector :
vector[0]=1.00000
vector[1]=2.00000
vector[2]=3.00000
vector[3]=4.00000
vector[4]=5.00000
vector[5]=6.00000
vector[6]=7.00000
vector[7]=8.00000
vector[8]=9.00000
vector[9]=10.00000
------------
resultado: 385.000000
